-1 100 -1 1 -1 1 17 44 -1 18 54 24 -1 81 21 38 -1 14 19 55 -1 86 97 93 -1 66 81 38 -1 95 8 69 -1 48 4 43 -1 99 27 -1 
100 1 -1 62 78 1 100 85 82 5 70 5 68 34 79 46 93 25 61 46 71 40 53 34 16 95 2 66 2 41 7 77 100 86 12 96 92 49 66 -1 
1 1 -1 49 89 1 100 74 73 81 29 34 1 41 16 34 6 87 25 68 23 35 60 42 24 64 17 41 14 87 39 50 62 27 21 61 42 56 77 -1 
1 1 -1 47 36 20 1 73 87 55 19 56 62 92 32 24 87 94 38 22 60 6 72 73 39 26 55 7 90 52 58 57 45 65 37 30 77 98 48 -1 
23 1 -1 63 54 28 73 27 12 82 91 51 14 41 100 16 92 5 18 87 94 61 24 58 80 46 49 19 14 99 12 89 66 55 52 45 7 20 81 -1 
3 1 -1 39 99 91 46 80 7 74 41 92 32 39 96 40 64 13 55 7 59 4 28 3 56 96 21 49 43 93 5 68 53 26 90 70 42 51 56 -1 
50 1 -1 99 63 52 34 50 93 82 92 82 48 72 78 38 82 92 14 69 26 76 57 31 96 8 22 87 38 10 79 62 5 62 17 33 29 61 24 -1 
76 1 -1 68 61 58 90 70 82 85 20 88 63 36 29 99 22 4 72 80 39 71 49 93 81 29 66 92 49 60 75 15 70 30 66 5 76 28 10 -1 
35 1 -1 1 89 9 19 46 87 73 70 29 48 100 6 15 35 11 78 94 9 12 7 22 82 51 42 74 55 17 76 90 14 65 7 2 12 51 83 -1 
70 -1 -1 1 27 -1 63 1 34 -1 67 55 40 -1 1 97 84 -1 75 11 42 -1 25 1 87 -1 71 95 93 -1 23 31 57 -1 44 71 66 -1 53 -1 
